1 0.245875 0.188724 0.468913 0.372480
1 0.539289 0.430280 0.460885 0.631081
1 0.792934 0.085538 0.411979 0.167771
1 0.175924 0.185504 0.350896 0.367130
1 0.121941 0.105475 0.242945 0.206731
1 0.258537 0.827734 0.517075 0.315376
1 0.860319 0.641913 0.278474 0.450722
1 0.422724 0.766486 0.842930 0.439611
1 0.159584 0.505205 0.317657 0.268168
1 0.730206 0.223031 0.538027 0.441177
1 0.173419 0.932601 0.342904 0.124266
1 0.625048 0.489144 0.635027 0.751289
1 0.699538 0.519864 0.326139 0.614511
1 0.840882 0.221598 0.316973 0.252915
1 0.525620 0.927351 0.463666 0.129125
1 0.150974 0.544649 0.301144 0.164557
