1 0.454836 0.671234 0.269808 0.499131
1 0.731256 0.655387 0.238159 0.528379
1 0.244293 0.696021 0.192473 0.442829
1 0.637156 0.426040 0.150572 0.253453
1 0.929857 0.663212 0.139171 0.474784
1 0.199951 0.438281 0.210825 0.292339
1 0.528679 0.151118 0.138061 0.299466
1 0.129553 0.153199 0.195782 0.301664
1 0.781058 0.402235 0.134618 0.288551
1 0.401543 0.163518 0.130659 0.324802
1 0.256965 0.161220 0.135031 0.263965
1 0.662095 0.154323 0.134405 0.308603
1 0.080409 0.705540 0.160768 0.439455
1 0.917887 0.434646 0.144962 0.308538
1 0.794992 0.151210 0.143633 0.302401
1 0.482156 0.412280 0.184544 0.204100
1 0.928273 0.123933 0.142759 0.244284
1 0.352764 0.462947 0.110182 0.286825
1 0.049678 0.133725 0.099037 0.265557
1 0.054290 0.446418 0.108263 0.234443
1 0.594046 0.560145 0.076676 0.141132
