0 0.800555 0.390271 0.188135 0.328487
0 0.347482 0.702555 0.139968 0.242488
0 0.482857 0.704066 0.134048 0.234784
0 0.676022 0.537822 0.128329 0.237540
0 0.975060 0.165957 0.049078 0.209976
0 0.593287 0.113463 0.161100 0.225951
0 0.483662 0.317843 0.143318 0.264395
0 0.590004 0.374583 0.140268 0.250558
0 0.675240 0.306542 0.130924 0.240428
0 0.027867 0.938708 0.055569 0.105700
0 0.229042 0.784810 0.140224 0.279418
0 0.755784 0.109285 0.148583 0.216420
0 0.377893 0.467162 0.136869 0.240771
0 0.912914 0.519982 0.128387 0.224487
0 0.672084 0.766366 0.152250 0.267970
0 0.542074 0.491558 0.890428 0.982656
0 0.846382 0.283338 0.139094 0.210864
0 0.270366 0.541730 0.148193 0.279033
0 0.561115 0.582372 0.122144 0.248707
0 0.955156 0.283792 0.088964 0.209712
